500000000000000000000000000010000000              
500000000000001300000000100010000007              
500000000000002600000000200010000014              
500000000000003900000000300010000021              
500000000000005200000000400010000028              
500000000000006500000000500010000035              
500000000000007800000000600010000042              
500000000000009100000000700010000049              
500000000000010400000000800010000056              
500000000000011700000000900010000063              
500000000000013000000001000010000070              
500000000000014300000001100010000077              
500000000000015600000001200010000084              
500000000000016900000001300010000091              
500000000000018200000001400010000098              
500000000000019500000001500010000105              
500000000000020800000001600010000112              
500000000000022100000001700010000119              
500000000000023400000001800010000126              
500000000000024700000001900010000133              
500000000000026000000002000010000140              
500000000000027300000002100010000147              
500000000000028600000002200010000154              
500000000000029900000002300010000161              
500000000000031200000002400010000168              
500000000000032500000002500010000175              
500000000000033800000002600010000182              
500000000000035100000002700010000189              
500000000000036400000002800010000196              
500000000000037700000002900010000203              
500000000000039000000003000010000210              
500000000000040300000003100010000217              
500000000000041600000003200010000224              
500000000000042900000003300010000231              
500000000000044200000003400010000238              
500000000000045500000003500010000245              
500000000000046800000003600010000252              
500000000000048100000003700010000259              
500000000000049400000003800010000266              
500000000000050700000003900010000273              
500000000000052000000004000010000280              
500000000000053300000004100010000287              
500000000000054600000004200010000294              
500000000000055900000004300010000301              
500000000000057200000004400010000308              
500000000000058500000004500010000315              
500000000000059800000004600010000322              
500000000000061100000004700010000329              
500000000000062400000004800010000336              
500000000000063700000004900010000343              
500000000000065000000005000010000350              
500000000000066300000005100010000357              
500000000000067600000005200010000364              
500000000000068900000005300010000371              
500000000000070200000005400010000378              
500000000000071500000005500010000385              
500000000000072800000005600010000392              
500000000000074100000005700010000399              
500000000000075400000005800010000406              
500000000000076700000005900010000413              
500000000000078000000006000010000420              
500000000000079300000006100010000427              
500000000000080600000006200010000434              
500000000000081900000006300010000441              
500000000000083200000006400010000448              
500000000000084500000006500010000455              
500000000000085800000006600010000462              
500000000000087100000006700010000469              
500000000000088400000006800010000476              
500000000000089700000006900010000483              
500000000000091000000007000010000490              
500000000000092300000007100010000497              
500000000000093600000007200010000504              
500000000000094900000007300010000511              
500000000000096200000007400010000518              
500000000000097500000007500010000525              
500000000000098800000007600010000532              
500000000000100100000007700010000539              
500000000000101400000007800010000546              
500000000000102700000007900010000553              
500000000000104000000008000010000560              
500000000000105300000008100010000567              
500000000000106600000008200010000574              
500000000000107900000008300010000581              
500000000000109200000008400010000588              
500000000000110500000008500010000595              
500000000000111800000008600010000602              
500000000000113100000008700010000609              
500000000000114400000008800010000616              
500000000000115700000008900010000623              
500000000000117000000009000010000630              
500000000000118300000009100010000637              
500000000000119600000009200010000644              
500000000000120900000009300010000651              
500000000000122200000009400010000658              
500000000000123500000009500010000665              
500000000000124800000009600010000672              
500000000000126100000009700010000679              
500000000000127400000009800010000686              
500000000000128700000009900010000693              
500000000000130000000010000010000700              
500000000000131300000010100010000707              
500000000000132600000010200010000714              
500000000000133900000010300010000721              
500000000000135200000010400010000728              
500000000000136500000010500010000735              
500000000000137800000010600010000742              
500000000000139100000010700010000749              
500000000000140400000010800010000756              
500000000000141700000010900010000763              
500000000000143000000011000010000770              
500000000000144300000011100010000777              
500000000000145600000011200010000784              
500000000000146900000011300010000791              
500000000000148200000011400010000798              
500000000000149500000011500010000805              
500000000000150800000011600010000812              
500000000000152100000011700010000819              
500000000000153400000011800010000826              
500000000000154700000011900010000833              
500000000000156000000012000010000840              
500000000000157300000012100010000847              
500000000000158600000012200010000854              
500000000000159900000012300010000861              
500000000000161200000012400010000868              
500000000000162500000012500010000875              
500000000000163800000012600010000882              
500000000000165100000012700010000889              
500000000000166400000012800010000896              
500000000000167700000012900010000903              
500000000000169000000013000010000910              
500000000000170300000013100010000917              
500000000000171600000013200010000924              
500000000000172900000013300010000931              
500000000000174200000013400010000938              
500000000000175500000013500010000945              
500000000000176800000013600010000952              
500000000000178100000013700010000959              
500000000000179400000013800010000966              
500000000000180700000013900010000973              
500000000000182000000014000010000980              
500000000000183300000014100010000987              
500000000000184600000014200010000994              
500000000000185900000014300010001001              
500000000000187200000014400010001008              
500000000000188500000014500010001015              
500000000000189800000014600010001022              
500000000000191100000014700010001029              
500000000000192400000014800010001036              
500000000000193700000014900010001043              
500000000000195000000015000010001050              
500000000000196300000015100010001057              
500000000000197600000015200010001064              
500000000000198900000015300010001071              
500000000000200200000015400010001078              
500000000000201500000015500010001085              
500000000000202800000015600010001092              
500000000000204100000015700010001099              
500000000000205400000015800010001106              
500000000000206700000015900010001113              
500000000000208000000016000010001120              
500000000000209300000016100010001127              
500000000000210600000016200010001134              
500000000000211900000016300010001141              
500000000000213200000016400010001148              
500000000000214500000016500010001155              
500000000000215800000016600010001162              
500000000000217100000016700010001169              
500000000000218400000016800010001176              
500000000000219700000016900010001183              
500000000000221000000017000010001190              
500000000000222300000017100010001197              
500000000000223600000017200010001204              
500000000000224900000017300010001211              
500000000000226200000017400010001218              
500000000000227500000017500010001225              
500000000000228800000017600010001232              
500000000000230100000017700010001239              
500000000000231400000017800010001246              
500000000000232700000017900010001253              
500000000000234000000018000010001260              
500000000000235300000018100010001267              
500000000000236600000018200010001274              
500000000000237900000018300010001281              
500000000000239200000018400010001288              
500000000000240500000018500010001295              
500000000000241800000018600010001302              
500000000000243100000018700010001309              
500000000000244400000018800010001316              
500000000000245700000018900010001323              
500000000000247000000019000010001330              
500000000000248300000019100010001337              
500000000000249600000019200010001344              
500000000000250900000019300010001351              
500000000000252200000019400010001358              
500000000000253500000019500010001365              
500000000000254800000019600010001372              
500000000000256100000019700010001379              
500000000000257400000019800010001386              
500000000000258700000019900010001393              
500000000000260000000020000010001400              
500000000000261300000020100010001407              
500000000000262600000020200010001414              
500000000000263900000020300010001421              
500000000000265200000020400010001428              
500000000000266500000020500010001435              
500000000000267800000020600010001442              
500000000000269100000020700010001449              
500000000000270400000020800010001456              
500000000000271700000020900010001463              
500000000000273000000021000010001470              
500000000000274300000021100010001477              
500000000000275600000021200010001484              
500000000000276900000021300010001491              
500000000000278200000021400010001498              
500000000000279500000021500010001505              
500000000000280800000021600010001512              
500000000000282100000021700010001519              
500000000000283400000021800010001526              
500000000000284700000021900010001533              
500000000000286000000022000010001540              
500000000000287300000022100010001547              
500000000000288600000022200010001554              
500000000000289900000022300010001561              
500000000000291200000022400010001568              
500000000000292500000022500010001575              
500000000000293800000022600010001582              
500000000000295100000022700010001589              
500000000000296400000022800010001596              
500000000000297700000022900010001603              
500000000000299000000023000010001610              
500000000000300300000023100010001617              
500000000000301600000023200010001624              
500000000000302900000023300010001631              
500000000000304200000023400010001638              
500000000000305500000023500010001645              
500000000000306800000023600010001652              
500000000000308100000023700010001659              
500000000000309400000023800010001666              
500000000000310700000023900010001673              
500000000000312000000024000010001680              
500000000000313300000024100010001687              
500000000000314600000024200010001694              
500000000000315900000024300010001701              
500000000000317200000024400010001708              
500000000000318500000024500010001715              
500000000000319800000024600010001722              
500000000000321100000024700010001729              
500000000000322400000024800010001736              
500000000000323700000024900010001743              
500000000000325000000025000010001750              
500000000000326300000025100010001757              
500000000000327600000025200010001764              
500000000000328900000025300010001771              
500000000000330200000025400010001778              
500000000000331500000025500010001785              
500000000000332800000025600010001792              
500000000000334100000025700010001799              
500000000000335400000025800010001806              
500000000000336700000025900010001813              
500000000000338000000026000010001820              
500000000000339300000026100010001827              
500000000000340600000026200010001834              
500000000000341900000026300010001841              
500000000000343200000026400010001848              
500000000000344500000026500010001855              
500000000000345800000026600010001862              
500000000000347100000026700010001869              
500000000000348400000026800010001876              
500000000000349700000026900010001883              
500000000000351000000027000010001890              
500000000000352300000027100010001897              
500000000000353600000027200010001904              
500000000000354900000027300010001911              
500000000000356200000027400010001918              
500000000000357500000027500010001925              
500000000000358800000027600010001932              
500000000000360100000027700010001939              
500000000000361400000027800010001946              
500000000000362700000027900010001953              
500000000000364000000028000010001960              
500000000000365300000028100010001967              
500000000000366600000028200010001974              
500000000000367900000028300010001981              
500000000000369200000028400010001988              
500000000000370500000028500010001995              
500000000000371800000028600010002002              
500000000000373100000028700010002009              
500000000000374400000028800010002016              
500000000000375700000028900010002023              
500000000000377000000029000010002030              
500000000000378300000029100010002037              
500000000000379600000029200010002044              
500000000000380900000029300010002051              
500000000000382200000029400010002058              
500000000000383500000029500010002065              
500000000000384800000029600010002072              
500000000000386100000029700010002079              
500000000000387400000029800010002086              
500000000000388700000029900010002093              
500000000000390000000030000010002100              
500000000000391300000030100010002107              
500000000000392600000030200010002114              
500000000000393900000030300010002121              
500000000000395200000030400010002128              
500000000000396500000030500010002135              
500000000000397800000030600010002142              
500000000000399100000030700010002149              
500000000000400400000030800010002156              
500000000000401700000030900010002163              
500000000000403000000031000010002170              
500000000000404300000031100010002177              
500000000000405600000031200010002184              
500000000000406900000031300010002191              
500000000000408200000031400010002198              
500000000000409500000031500010002205              
500000000000410800000031600010002212              
500000000000412100000031700010002219              
500000000000413400000031800010002226              
500000000000414700000031900010002233              
500000000000416000000032000010002240              
500000000000417300000032100010002247              
500000000000418600000032200010002254              
500000000000419900000032300010002261              
500000000000421200000032400010002268              
500000000000422500000032500010002275              
500000000000423800000032600010002282              
500000000000425100000032700010002289              
500000000000426400000032800010002296              
500000000000427700000032900010002303              
500000000000429000000033000010002310              
500000000000430300000033100010002317              
500000000000431600000033200010002324              
500000000000432900000033300010002331              
500000000000434200000033400010002338              
500000000000435500000033500010002345              
500000000000436800000033600010002352              
500000000000438100000033700010002359              
500000000000439400000033800010002366              
500000000000440700000033900010002373              
500000000000442000000034000010002380              
500000000000443300000034100010002387              
500000000000444600000034200010002394              
500000000000445900000034300010002401              
500000000000447200000034400010002408              
500000000000448500000034500010002415              
500000000000449800000034600010002422              
500000000000451100000034700010002429              
500000000000452400000034800010002436              
500000000000453700000034900010002443              
500000000000455000000035000010002450              
500000000000456300000035100010002457              
500000000000457600000035200010002464              
500000000000458900000035300010002471              
500000000000460200000035400010002478              
500000000000461500000035500010002485              
500000000000462800000035600010002492              
500000000000464100000035700010002499              
500000000000465400000035800010002506              
500000000000466700000035900010002513              
500000000000468000000036000010002520              
500000000000469300000036100010002527              
500000000000470600000036200010002534              
500000000000471900000036300010002541              
500000000000473200000036400010002548              
500000000000474500000036500010002555              
500000000000475800000036600010002562              
500000000000477100000036700010002569              
500000000000478400000036800010002576              
500000000000479700000036900010002583              
500000000000481000000037000010002590              
500000000000482300000037100010002597              
500000000000483600000037200010002604              
500000000000484900000037300010002611              
500000000000486200000037400010002618              
500000000000487500000037500010002625              
500000000000488800000037600010002632              
500000000000490100000037700010002639              
500000000000491400000037800010002646              
500000000000492700000037900010002653              
500000000000494000000038000010002660              
500000000000495300000038100010002667              
500000000000496600000038200010002674              
500000000000497900000038300010002681              
500000000000499200000038400010002688              
500000000000500500000038500010002695              
500000000000501800000038600010002702              
500000000000503100000038700010002709              
500000000000504400000038800010002716              
500000000000505700000038900010002723              
500000000000507000000039000010002730              
500000000000508300000039100010002737              
500000000000509600000039200010002744              
500000000000510900000039300010002751              
500000000000512200000039400010002758              
500000000000513500000039500010002765              
500000000000514800000039600010002772              
500000000000516100000039700010002779              
500000000000517400000039800010002786              
500000000000518700000039900010002793              
500000000000520000000040000010002800              
500000000000521300000040100010002807              
500000000000522600000040200010002814              
500000000000523900000040300010002821              
500000000000525200000040400010002828              
500000000000526500000040500010002835              
500000000000527800000040600010002842              
500000000000529100000040700010002849              
500000000000530400000040800010002856              
500000000000531700000040900010002863              
500000000000533000000041000010002870              
500000000000534300000041100010002877              
500000000000535600000041200010002884              
500000000000536900000041300010002891              
500000000000538200000041400010002898              
500000000000539500000041500010002905              
500000000000540800000041600010002912              
500000000000542100000041700010002919              
500000000000543400000041800010002926              
500000000000544700000041900010002933              
500000000000546000000042000010002940              
500000000000547300000042100010002947              
500000000000548600000042200010002954              
500000000000549900000042300010002961              
500000000000551200000042400010002968              
500000000000552500000042500010002975              
500000000000553800000042600010002982              
500000000000555100000042700010002989              
500000000000556400000042800010002996              
500000000000557700000042900010003003              
500000000000559000000043000010003010              
500000000000560300000043100010003017              
500000000000561600000043200010003024              
500000000000562900000043300010003031              
500000000000564200000043400010003038              
500000000000565500000043500010003045              
500000000000566800000043600010003052              
500000000000568100000043700010003059              
500000000000569400000043800010003066              
500000000000570700000043900010003073              
500000000000572000000044000010003080              
500000000000573300000044100010003087              
500000000000574600000044200010003094              
500000000000575900000044300010003101              
500000000000577200000044400010003108              
500000000000578500000044500010003115              
500000000000579800000044600010003122              
500000000000581100000044700010003129              
500000000000582400000044800010003136              
500000000000583700000044900010003143              
500000000000585000000045000010003150              
500000000000586300000045100010003157              
500000000000587600000045200010003164              
500000000000588900000045300010003171              
500000000000590200000045400010003178              
500000000000591500000045500010003185              
500000000000592800000045600010003192              
500000000000594100000045700010003199              
500000000000595400000045800010003206              
500000000000596700000045900010003213              
500000000000598000000046000010003220              
500000000000599300000046100010003227              
500000000000600600000046200010003234              
500000000000601900000046300010003241              
500000000000603200000046400010003248              
500000000000604500000046500010003255              
500000000000605800000046600010003262              
500000000000607100000046700010003269              
500000000000608400000046800010003276              
500000000000609700000046900010003283              
500000000000611000000047000010003290              
500000000000612300000047100010003297              
500000000000613600000047200010003304              
500000000000614900000047300010003311              
500000000000616200000047400010003318              
500000000000617500000047500010003325              
500000000000618800000047600010003332              
500000000000620100000047700010003339              
500000000000621400000047800010003346              
500000000000622700000047900010003353              
500000000000624000000048000010003360              
500000000000625300000048100010003367              
500000000000626600000048200010003374              
500000000000627900000048300010003381              
500000000000629200000048400010003388              
500000000000630500000048500010003395              
500000000000631800000048600010003402              
500000000000633100000048700010003409              
500000000000634400000048800010003416              
500000000000635700000048900010003423              
500000000000637000000049000010003430              
500000000000638300000049100010003437              
500000000000639600000049200010003444              
500000000000640900000049300010003451              
500000000000642200000049400010003458              
500000000000643500000049500010003465              
500000000000644800000049600010003472              
500000000000646100000049700010003479              
500000000000647400000049800010003486              
500000000000648700000049900010003493              
999999999999999900000099999999999999              
