500000000000000000000000000010000000              
500000000000001300000000100010000007              
500000000000002600000000200010000014              
500000000000003900000000300010000021              
500000000000005200000000400010000028              
500000000000006500000000500010000035              
500000000000007800000000600010000042              
500000000000009100000000700010000049              
500000000000010400000000800010000056              
500000000000011700000000900010000063              
500000000000013000000001000010000070              
500000000000014300000001100010000077              
500000000000015600000001200010000084              
500000000000016900000001300010000091              
500000000000018200000001400010000098              
500000000000019500000001500010000105              
500000000000020800000001600010000112              
500000000000022100000001700010000119              
500000000000023400000001800010000126              
500000000000024700000001900010000133              
500000000000026000000002000010000140              
500000000000027300000002100010000147              
500000000000028600000002200010000154              
500000000000029900000002300010000161              
500000000000031200000002400010000168              
500000000000032500000002500010000175              
500000000000033800000002600010000182              
500000000000035100000002700010000189              
500000000000036400000002800010000196              
500000000000037700000002900010000203              
500000000000039000000003000010000210              
500000000000040300000003100010000217              
500000000000041600000003200010000224              
500000000000042900000003300010000231              
500000000000044200000003400010000238              
500000000000045500000003500010000245              
500000000000046800000003600010000252              
500000000000048100000003700010000259              
500000000000049400000003800010000266              
500000000000050700000003900010000273              
500000000000052000000004000010000280              
500000000000053300000004100010000287              
500000000000054600000004200010000294              
500000000000055900000004300010000301              
500000000000057200000004400010000308              
500000000000058500000004500010000315              
500000000000059800000004600010000322              
500000000000061100000004700010000329              
500000000000062400000004800010000336              
500000000000063700000004900010000343              
500000000000065000000005000010000350              
500000000000066300000005100010000357              
500000000000067600000005200010000364              
500000000000068900000005300010000371              
500000000000070200000005400010000378              
500000000000071500000005500010000385              
500000000000072800000005600010000392              
500000000000074100000005700010000399              
500000000000075400000005800010000406              
500000000000076700000005900010000413              
500000000000078000000006000010000420              
500000000000079300000006100010000427              
500000000000080600000006200010000434              
500000000000081900000006300010000441              
500000000000083200000006400010000448              
500000000000084500000006500010000455              
500000000000085800000006600010000462              
500000000000087100000006700010000469              
500000000000088400000006800010000476              
500000000000089700000006900010000483              
500000000000091000000007000010000490              
500000000000092300000007100010000497              
500000000000093600000007200010000504              
500000000000094900000007300010000511              
500000000000096200000007400010000518              
500000000000097500000007500010000525              
500000000000098800000007600010000532              
500000000000100100000007700010000539              
500000000000101400000007800010000546              
500000000000102700000007900010000553              
500000000000104000000008000010000560              
500000000000105300000008100010000567              
500000000000106600000008200010000574              
500000000000107900000008300010000581              
500000000000109200000008400010000588              
500000000000110500000008500010000595              
500000000000111800000008600010000602              
500000000000113100000008700010000609              
500000000000114400000008800010000616              
500000000000115700000008900010000623              
500000000000117000000009000010000630              
500000000000118300000009100010000637              
500000000000119600000009200010000644              
500000000000120900000009300010000651              
500000000000122200000009400010000658              
500000000000123500000009500010000665              
500000000000124800000009600010000672              
500000000000126100000009700010000679              
500000000000127400000009800010000686              
500000000000128700000009900010000693              
500000000000130000000010000010000700              
500000000000131300000010100010000707              
500000000000132600000010200010000714              
500000000000133900000010300010000721              
500000000000135200000010400010000728              
500000000000136500000010500010000735              
500000000000137800000010600010000742              
500000000000139100000010700010000749              
500000000000140400000010800010000756              
500000000000141700000010900010000763              
500000000000143000000011000010000770              
500000000000144300000011100010000777              
500000000000145600000011200010000784              
500000000000146900000011300010000791              
500000000000148200000011400010000798              
500000000000149500000011500010000805              
500000000000150800000011600010000812              
500000000000152100000011700010000819              
500000000000153400000011800010000826              
500000000000154700000011900010000833              
500000000000156000000012000010000840              
500000000000157300000012100010000847              
500000000000158600000012200010000854              
500000000000159900000012300010000861              
500000000000161200000012400010000868              
500000000000162500000012500010000875              
500000000000163800000012600010000882              
500000000000165100000012700010000889              
500000000000166400000012800010000896              
500000000000167700000012900010000903              
500000000000169000000013000010000910              
500000000000170300000013100010000917              
500000000000171600000013200010000924              
500000000000172900000013300010000931              
500000000000174200000013400010000938              
500000000000175500000013500010000945              
500000000000176800000013600010000952              
500000000000178100000013700010000959              
500000000000179400000013800010000966              
500000000000180700000013900010000973              
500000000000182000000014000010000980              
500000000000183300000014100010000987              
500000000000184600000014200010000994              
500000000000185900000014300010001001              
500000000000187200000014400010001008              
500000000000188500000014500010001015              
500000000000189800000014600010001022              
500000000000191100000014700010001029              
500000000000192400000014800010001036              
500000000000193700000014900010001043              
500000000000195000000015000010001050              
500000000000196300000015100010001057              
500000000000197600000015200010001064              
500000000000198900000015300010001071              
500000000000200200000015400010001078              
500000000000201500000015500010001085              
500000000000202800000015600010001092              
500000000000204100000015700010001099              
500000000000205400000015800010001106              
500000000000206700000015900010001113              
500000000000208000000016000010001120              
500000000000209300000016100010001127              
500000000000210600000016200010001134              
500000000000211900000016300010001141              
500000000000213200000016400010001148              
500000000000214500000016500010001155              
500000000000215800000016600010001162              
500000000000217100000016700010001169              
500000000000218400000016800010001176              
500000000000219700000016900010001183              
500000000000221000000017000010001190              
500000000000222300000017100010001197              
500000000000223600000017200010001204              
500000000000224900000017300010001211              
500000000000226200000017400010001218              
500000000000227500000017500010001225              
500000000000228800000017600010001232              
500000000000230100000017700010001239              
500000000000231400000017800010001246              
500000000000232700000017900010001253              
500000000000234000000018000010001260              
500000000000235300000018100010001267              
500000000000236600000018200010001274              
500000000000237900000018300010001281              
500000000000239200000018400010001288              
500000000000240500000018500010001295              
500000000000241800000018600010001302              
500000000000243100000018700010001309              
500000000000244400000018800010001316              
500000000000245700000018900010001323              
500000000000247000000019000010001330              
500000000000248300000019100010001337              
500000000000249600000019200010001344              
500000000000250900000019300010001351              
500000000000252200000019400010001358              
500000000000253500000019500010001365              
500000000000254800000019600010001372              
500000000000256100000019700010001379              
500000000000257400000019800010001386              
500000000000258700000019900010001393              
999999999999999900000099999999999999              
